<Pickup points> --- <Exponent>
[0, 1, 2, 3, 5, 7] --- 9
[0, 1, 2, 4, 5, 7] --- 9
[0, 1, 2, 4, 6, 7] --- 9
[0, 1, 3, 4, 5, 7] --- 9
[0, 1, 3, 4, 6, 7] --- 9
[0, 1, 3, 5, 6, 7] --- 9
[0, 2, 3, 4, 5, 7] --- 9
[0, 2, 3, 4, 6, 7] --- 9
[0, 2, 3, 5, 6, 7] --- 9
[0, 2, 4, 5, 6, 7] --- 9
[0, 1, 2, 3, 4, 7] --- 10
[0, 1, 2, 3, 5, 6] --- 10
[0, 1, 2, 3, 6, 7] --- 10
[0, 1, 2, 4, 5, 6] --- 10
[0, 1, 2, 5, 6, 7] --- 10
[0, 1, 3, 4, 5, 6] --- 10
[0, 1, 4, 5, 6, 7] --- 10
[0, 3, 4, 5, 6, 7] --- 10
[0, 1, 2, 3, 4, 5] --- 11
[0, 2, 3, 4, 5, 6] --- 11
[0, 1, 2, 3, 4, 6] --- 12