<Pickup points> --- <Exponent>
[0, 1, 4, 7] --- 10
[0, 2, 4, 7] --- 10
[0, 2, 5, 7] --- 10
[0, 3, 4, 7] --- 10
[0, 3, 5, 7] --- 10
[0, 3, 6, 7] --- 10
[0, 1, 3, 7] --- 11
[0, 1, 5, 6] --- 11
[0, 1, 5, 7] --- 11
[0, 2, 3, 7] --- 11
[0, 2, 6, 7] --- 11
[0, 4, 5, 7] --- 11
[0, 4, 6, 7] --- 11
[0, 1, 2, 7] --- 12
[0, 1, 3, 6] --- 12
[0, 1, 6, 7] --- 12
[0, 2, 5, 6] --- 12
[0, 3, 5, 6] --- 12
[0, 5, 6, 7] --- 12
[0, 2, 3, 6] --- 13
[0, 3, 4, 5] --- 13
[0, 4, 5, 6] --- 13
[0, 1, 2, 5] --- 14
[0, 1, 2, 6] --- 14
[0, 1, 3, 5] --- 14
[0, 1, 4, 5] --- 14
[0, 1, 4, 6] --- 14
[0, 3, 4, 6] --- 14
[0, 1, 3, 4] --- 15
[0, 2, 4, 5] --- 15
[0, 2, 3, 4] --- 17
[0, 2, 3, 5] --- 17
[0, 1, 2, 3] --- 18
[0, 1, 2, 4] --- 18