<Pickup points> --- <Exponent>
[0, 1, 2, 3, 5, 7] --- 11
[0, 1, 2, 4, 5, 7] --- 11
[0, 1, 2, 4, 6, 7] --- 11
[0, 1, 3, 4, 5, 7] --- 11
[0, 1, 3, 4, 6, 7] --- 11
[0, 1, 3, 5, 6, 7] --- 11
[0, 2, 3, 4, 5, 7] --- 11
[0, 2, 3, 4, 6, 7] --- 11
[0, 2, 3, 5, 6, 7] --- 11
[0, 2, 4, 5, 6, 7] --- 11
[0, 1, 2, 3, 4, 7] --- 12
[0, 1, 2, 3, 6, 7] --- 12
[0, 1, 2, 5, 6, 7] --- 12
[0, 1, 4, 5, 6, 7] --- 12
[0, 3, 4, 5, 6, 7] --- 12
[0, 1, 2, 3, 5, 6] --- 13
[0, 1, 2, 4, 5, 6] --- 13
[0, 1, 3, 4, 5, 6] --- 13
[0, 2, 3, 4, 5, 6] --- 14
[0, 1, 2, 3, 4, 6] --- 15
[0, 1, 2, 3, 4, 5] --- 16