<Pickup points> --- <Index of perfection>
[0, 3, 4, 7] --- 13
[0, 1, 4, 7] --- 14
[0, 2, 3, 7] --- 14
[0, 2, 4, 7] --- 14
[0, 2, 5, 7] --- 14
[0, 3, 5, 7] --- 14
[0, 3, 6, 7] --- 14
[0, 4, 5, 7] --- 14
[0, 4, 6, 7] --- 14
[0, 1, 3, 7] --- 15
[0, 1, 5, 7] --- 15
[0, 2, 6, 7] --- 15
[0, 1, 2, 7] --- 16
[0, 1, 6, 7] --- 16
[0, 5, 6, 7] --- 16
[0, 2, 5, 6] --- 17
[0, 3, 5, 6] --- 17
[0, 2, 3, 6] --- 18
[0, 3, 4, 6] --- 18
[0, 4, 5, 6] --- 18
[0, 1, 2, 6] --- 19
[0, 1, 5, 6] --- 19
[0, 1, 3, 6] --- 20
[0, 1, 4, 5] --- 20
[0, 1, 4, 6] --- 21
[0, 2, 3, 5] --- 21
[0, 2, 4, 5] --- 21
[0, 3, 4, 5] --- 21
[0, 1, 3, 5] --- 23
[0, 1, 2, 5] --- 25
[0, 2, 3, 4] --- 25